# This file may be used to create an environment using:
# $ conda create --name <env> --file <this file>
# platform: win-64
blinker=1.9.0=pypi_0
bzip2=1.0.8=h2466b09_7
ca-certificates=2024.12.14=h56e8100_0
certifi=2024.12.14=pypi_0
charset-normalizer=3.4.1=pypi_0
click=8.1.8=pypi_0
colorama=0.4.6=pypi_0
dash=2.18.2=pypi_0
dash-bootstrap-components=1.6.0=pypi_0
dash-core-components=2.0.0=pypi_0
dash-daq=0.5.0=pypi_0
dash-html-components=2.0.0=pypi_0
dash-table=5.0.0=pypi_0
dill=0.3.9=pypi_0
diskcache=5.6.3=pypi_0
flask=3.0.3=pypi_0
idna=3.10=pypi_0
importlib-metadata=8.5.0=pypi_0
itsdangerous=2.2.0=pypi_0
jinja2=3.1.5=pypi_0
libffi=3.4.2=h8ffe710_5
liblzma=5.6.3=h2466b09_1
libsqlite=3.47.2=h67fdade_0
libzlib=1.3.1=h2466b09_2
markupsafe=3.0.2=pypi_0
multiprocess=0.70.17=pypi_0
nest-asyncio=1.6.0=pypi_0
numpy=2.0.2=pypi_0
openssl=3.4.0=ha4e3fda_1
packaging=24.2=pypi_0
pandas=2.2.3=pypi_0
pip=24.3.1=pyh8b19718_2
plotly=5.24.1=pypi_0
psutil=6.1.1=pypi_0
python=3.9.21=h37870fc_1_cpython
python-dateutil=2.9.0.post0=pypi_0
pytz=2024.2=pypi_0
regex=2024.11.6=pypi_0
requests=2.32.3=pypi_0
retrying=1.3.4=pypi_0
setuptools=75.7.0=pyhff2d567_0
six=1.17.0=pypi_0
tenacity=9.0.0=pypi_0
tk=8.6.13=h5226925_1
typing-extensions=4.12.2=pypi_0
tzdata=2024.2=pypi_0
ucrt=10.0.22621.0=h57928b3_1
urllib3=2.3.0=pypi_0
vc=14.3=ha32ba9b_23
vc14_runtime=14.42.34433=he29a5d6_23
vs2015_runtime=14.42.34433=hdffcdeb_23
werkzeug=3.0.6=pypi_0
wheel=0.45.1=pyhd8ed1ab_1
zipp=3.21.0=pypi_0
